-4.413857 -4.413857
-4.376200 -4.414557
-4.355872 -4.432567
-4.127883 -4.237390
-4.045123 -4.188847
-3.992610 -4.170736
-3.833104 -4.039249
-3.658535 -3.889138
-3.653712 -3.918127
-3.468815 -3.752543
-3.456910 -3.772555
-3.385004 -3.726598
-3.265525 -3.626732
-3.290742 -3.686965
-3.301119 -3.731235
-3.268564 -3.727083
-3.256049 -3.745656
-3.236123 -3.755706
-3.254088 -3.810048
-3.258536 -3.849138
-3.150999 -3.755214
-3.162717 -3.802754
-3.156968 -3.829708
-3.179735 -3.891800
-3.166029 -3.909719
-3.130551 -3.900586
-3.137849 -3.944817
-3.066334 -3.889626
-3.105953 -3.975439
-3.078081 -3.975396
-3.055688 -3.982250
-3.069332 -4.036376
-3.029334 -4.020061
-3.028230 -4.055291
-3.006686 -4.063304
-2.989647 -4.077364
-2.991457 -4.117387
-2.975230 -4.132855
-2.942743 -4.125574
-2.915504 -4.125342
-2.927430 -4.180803
-2.931402 -4.225597
-2.866683 -4.171049
-2.859526 -4.199776
-2.806544 -4.160873
-2.768835 -4.143855
-2.697956 -4.076168
-2.653658 -4.047501
-2.611675 -4.021626
-2.541119 -3.950611
-2.574432 -4.041049
-2.541193 -4.027546
-2.566257 -4.106869
-2.540627 -4.105607
-2.509537 -4.095193
-2.481319 -4.089087
-2.463055 -4.099212
-2.475247 -4.160516
-2.404805 -4.082549
-2.412850 -4.137382
-2.399405 -4.155890
-2.432577 -4.256126
-2.406257 -4.253044
-2.390409 -4.268384
-2.402003 -4.333329
-2.340186 -4.265596
-2.317670 -4.268617
-2.310001 -4.299121
-2.314809 -4.353522
-2.329543 -4.427732
-2.287173 -4.393618
-2.230587 -4.330952
-2.262453 -4.440315
-2.252136 -4.468154
-2.240522 -4.493793
-2.261365 -4.585596
-2.214813 -4.541040
-2.187087 -4.534300
-2.193623 -4.599026
-2.367238 -5.019263
-2.329276 -4.995148
-2.332132 -5.058783
-2.329970 -5.112653
-2.308729 -5.125189
-2.286423 -5.135392
-2.276262 -5.173199
-2.229427 -5.127331
-2.228583 -5.187168
-2.224953 -5.241660
-2.263947 -5.398899
-2.242914 -5.414873
-2.211411 -5.405408
-2.226272 -5.510217
-2.195686 -5.503531
-2.169805 -5.508373
-2.176346 -5.596464
-2.140980 -5.577443
-2.132122 -5.627640
-2.122491 -5.676860
-2.097857 -5.686488
-2.049385 -5.630640
-2.043171 -5.690701
-2.048362 -5.784397
-2.010441 -5.757017
-2.011920 -5.843040
-1.976709 -5.823196
-1.965451 -5.874113
-1.940138 -5.883651
-1.914406 -5.891936
-1.898484 -5.930860
-1.892701 -6.002881
-1.888436 -6.081757
-1.835633 -6.004083
-1.822187 -6.054465
-1.808320 -6.104787
-1.762713 -6.047595
-1.776570 -6.195637
-1.746611 -6.193013
-1.720062 -6.202342
-1.689967 -6.198725
-1.667694 -6.223919
-1.652366 -6.276125
-1.623541 -6.277771
-1.620243 -6.379725
-1.600629 -6.419771
-1.568255 -6.408929
-1.539496 -6.412463
-1.508590 -6.406752
-1.489165 -6.450281
-1.454796 -6.429271
-1.458872 -6.580547
-1.441722 -6.640167
-1.424377 -6.701169
-1.382293 -6.645631
-1.364574 -6.707097
-1.336384 -6.718454
-1.304843 -6.712835
-1.280597 -6.745097
-1.231315 -6.643578
-1.209014 -6.685936
-1.181441 -6.700284
-1.159855 -6.749959
-1.119472 -6.689706
-1.095916 -6.729180
-1.065971 -6.730277
-1.034614 -6.721994
-1.004805 -6.723309
-0.966086 -6.662976
-0.944468 -6.720237
-0.907843 -6.670707
-0.874784 -6.644647
-0.842468 -6.622342
-0.806507 -6.568479
-0.775699 -6.553849
-0.752334 -6.603153
-0.715966 -6.537437
-0.682831 -6.496697
-0.650973 -6.464818
-0.622387 -6.463725
-0.603204 -6.564621
-0.566271 -6.472506
-0.543115 -6.536185
-0.512924 -6.517318
-0.497431 -6.693749
-0.463731 -6.631665
-0.435445 -6.643608
-0.412104 -6.737832
-0.382388 -6.734055
-0.356768 -6.807547
-0.328856 -6.846395
-0.298984 -6.847860
-0.273445 -6.959645
-0.244124 -6.990793
-0.212857 -6.966852
-0.184941 -7.062616
-0.154998 -7.103446
-0.124240 -7.117660
-0.093544 -7.145815
-0.062361 -7.145895
-0.031725 -7.270729
0.000001 -7.280726
0.031858 -7.301196
0.065123 -7.462357
0.096474 -7.369668
0.132068 -7.566177
0.164129 -7.521922
0.197153 -7.528976
0.233295 -7.635845
0.268133 -7.678314
0.306562 -7.802522
0.339013 -7.764652
0.377789 -7.865115
0.411927 -7.860041
0.445217 -7.840513
0.484287 -7.918025
0.527900 -8.054207
0.566988 -8.108321
0.607180 -8.170588
0.645256 -8.198758
0.686479 -8.261523
0.734272 -8.392757
0.776751 -8.453315
0.815010 -8.464207
0.856383 -8.504744
0.897753 -8.541549
0.940837 -8.590722
0.977709 -8.581251
1.011159 -8.543235
1.049812 -8.550035
1.087209 -8.546153
1.119757 -8.505396
1.165162 -8.561447
1.208079 -8.595930
1.233528 -8.507499
1.277880 -8.550498
1.317743 -8.561520
1.351151 -8.530838
1.394861 -8.564767
1.430168 -8.546348
1.467417 -8.539861
1.496704 -8.488228
1.543605 -8.536247
1.592124 -8.590335
1.624499 -8.556483
1.668788 -8.585171
1.698341 -8.538143
1.735206 -8.528808
1.766984 -8.495106
1.826356 -8.592329
1.860182 -8.567475
1.891778 -8.533259
1.936792 -8.559388
1.965804 -8.514833
1.998970 -8.489322
2.048191 -8.531330
2.104300 -8.599562
2.124345 -8.520284
2.156539 -8.491395
2.204725 -8.525041
2.283390 -8.672926
2.330115 -8.696107
2.373019 -8.704134
2.402704 -8.663870
2.428159 -8.609604
2.499918 -8.718247
2.537155 -8.704585
2.574945 -8.692869
2.595564 -8.624116
2.656990 -8.690624
2.700886 -8.698274
2.742242 -8.697280
2.778318 -8.679462
2.813793 -8.659965
2.870785 -8.705932
2.903548 -8.677790
2.936536 -8.650756
3.016410 -8.760291
3.035910 -8.693514
3.069751 -8.668710
3.112346 -8.668602
3.158700 -8.678457
3.218857 -8.725093
3.261482 -8.723230
3.284012 -8.668004
3.326661 -8.666246
3.373619 -8.675246
3.426518 -8.698725
3.456425 -8.663598
3.493604 -8.646976
3.561682 -8.705910
3.575948 -8.633101
3.640627 -8.681911
3.692615 -8.699256
3.736579 -8.697122
3.780977 -8.695650
3.812641 -8.664886
3.849143 -8.645317
3.898554 -8.654471
3.955393 -8.679317
3.974155 -8.620608
3.960809 -8.493983
4.043654 -8.573775
4.082790 -8.559749
4.110279 -8.521488
4.163824 -8.537104
4.212373 -8.541848
4.262779 -8.549812
4.287903 -8.507044
4.368878 -8.574407
4.373181 -8.491056
4.442744 -8.534431
4.516697 -8.584830
4.515117 -8.491702
4.611827 -8.583028
4.637557 -8.541318
4.657844 -8.490129
4.730659 -8.534335
4.782447 -8.539676
4.816128 -8.512478
4.879915 -8.538079
4.924089 -8.528773
4.920971 -8.438129
5.040108 -8.556405
5.093709 -8.561754
5.125830 -8.530814
5.154214 -8.493883
5.229470 -8.533721
5.274204 -8.523019
5.328386 -8.527200
5.340859 -8.464749
5.433835 -8.529412
5.514311 -8.572957
5.576578 -8.587176
5.453261 -8.317605
5.449183 -8.232818
5.511281 -8.248217
5.522580 -8.187563
5.593960 -8.215832
5.632935 -8.195971
5.714680 -8.237678
5.765543 -8.234050
5.803337 -8.211533
5.873670 -8.234582
5.961976 -8.281707
5.987921 -8.241667
6.032972 -8.227937
6.119825 -8.270471
6.169709 -8.262243
6.242304 -8.283818
6.224616 -8.185786
6.322299 -8.239382
6.405075 -8.272267
6.458922 -8.267042
6.513149 -8.261890
6.579450 -8.271502
6.629537 -8.260232
6.702402 -8.276776
6.765817 -8.280946
6.806927 -8.257463
6.899985 -8.296330
6.924397 -8.252175
6.981822 -8.247261
7.019141 -8.218359
7.111076 -8.252810
7.163979 -8.241215
7.237794 -8.253123
7.314223 -8.267225
7.554048 -8.463595
7.642570 -8.487935
7.721085 -8.500252
7.784842 -8.495665
7.876594 -8.520850
7.963331 -8.539627
8.004728 -8.509277
8.094675 -8.530008
8.142724 -8.506001
8.182781 -8.473518
8.245130 -8.463862
8.305405 -8.451641
8.265626 -8.338075
8.319775 -8.319774
8.273927 -8.202036
8.337579 -8.193316
8.273699 -8.059882
8.317663 -8.032275
8.340251 -7.984053
8.467385 -8.035248
8.554621 -8.047384
8.576415 -7.997637
8.678035 -8.021894
8.722806 -7.992980
8.823159 -8.014394
8.847088 -7.965954
8.972591 -8.008345
9.024190 -7.983930
9.181061 -8.051575
9.220042 -8.014860
8.845473 -7.554749
8.854692 -7.496052
8.953920 -7.513231
9.453891 -7.862718
9.028872 -7.442827
9.102165 -7.436782
9.119311 -7.384672
9.213015 -7.394225
9.156596 -7.283485
9.132903 -7.199800
8.998950 -7.030751
8.995837 -6.965321
8.978371 -6.889347
8.935968 -6.795069
8.921771 -6.723037
8.817228 -6.584137
8.953497 -6.625238
8.843348 -6.484211
8.892118 -6.460501
8.915937 -6.418556
8.877669 -6.332381
8.888613 -6.281850
8.783544 -6.150303
8.861757 -6.147620
8.872706 -6.098042
8.784738 -5.981316
8.882542 -5.991350
8.856030 -5.917410
8.899667 -5.890561
9.156451 -6.003233
8.804751 -5.717874
8.887007 -5.716315
9.043886 -5.761591
9.247005 -5.834426
9.201750 -5.749892
9.276634 -5.740555
9.424280 -5.775206
9.383774 -5.694214
9.425480 -5.663400
9.423992 -5.606687
9.506658 -5.599848
9.453434 -5.513080
9.451618 -5.456894
9.486335 -5.421887
8.683090 -4.912657
8.726685 -4.887177
8.814852 -4.886152
9.397716 -5.155764
9.444889 -5.128157
9.442308 -5.073536
9.370041 -4.982139
9.349476 -4.918997
9.425032 -4.906362
9.418693 -4.850946
9.402478 -4.790802
9.478130 -4.777370
9.344017 -4.658755
9.379163 -4.625291
9.376989 -4.573464
9.412201 -4.539908
9.364953 -4.466854
9.403274 -4.434872
9.454799 -4.408845
9.350724 -4.310743
9.352724 -4.262281
9.440278 -4.252535
9.388761 -4.180146
9.389273 -4.131379
8.813509 -3.832223
8.769843 -3.767822
9.388476 -3.985172
9.415812 -3.948378
9.390813 -3.889802
9.388898 -3.841100
9.409778 -3.801797
9.389334 -3.745964
9.394465 -3.700578
9.435991 -3.669457
9.383708 -3.602069
9.385334 -3.555785
9.379731 -3.506938
9.398818 -3.467406
9.519562 -3.464837
9.398773 -3.374504
9.477421 -3.356131
9.392357 -3.279958
9.397785 -3.235917
9.452969 -3.208851
9.350110 -3.128504
9.401321 -3.100092
9.396267 -3.053034
9.382315 -3.003302
9.394526 -2.962082
9.384631 -2.914005
9.444791 -2.887562
9.340322 -2.811118
8.651190 -2.562599
8.717085 -2.540799
8.690638 -2.492001
9.428066 -2.658991
8.551118 -2.371436
8.596805 -2.343757
8.625528 -2.311203
8.503448 -2.238771
8.516086 -2.202410
8.638021 -2.193778
8.720972 -2.174383
8.771686 -2.146418
7.812377 -1.875587
7.769613 -1.829502
8.038657 -1.855870
8.164675 -1.847477
7.942749 -1.760865
7.971627 -1.730810
7.922764 -1.684035
7.954854 -1.654612
8.033206 -1.634375
7.836718 -1.558821
7.964628 -1.548168
7.985093 -1.516018
8.067126 -1.495153
8.078342 -1.460802
7.993051 -1.409390
8.021054 -1.378269
8.110194 -1.357181
7.888006 -1.284644
7.873989 -1.247118
7.983328 -1.228752
7.959887 -1.189614
8.000751 -1.160055
8.061860 -1.133020
7.947507 -1.081608
7.910758 -1.041471
7.940444 -1.010152
7.825103 -0.960802
7.940784 -0.939854
8.185501 -0.932621
8.190158 -0.896969
8.223045 -0.864278
8.235483 -0.829269
8.237818 -0.793211
8.592802 -0.789567
8.949946 -0.783019
9.428429 -0.783442
9.345014 -0.735469
9.391001 -0.697872
9.374740 -0.655546
9.391658 -0.615563
9.368346 -0.572994
9.413280 -0.534524
9.409157 -0.493112
9.434512 -0.453172
9.357625 -0.408563
9.427748 -0.370417
9.454032 -0.330142
9.432328 -0.288184
9.403008 -0.246227
9.407234 -0.205268
9.368071 -0.163522
9.456692 -0.123794
9.387818 -0.081926
9.372973 -0.040897
9.410576 0.000000
9.376866 0.040914
9.394644 0.081985
9.402020 0.123078
9.348713 0.163181
9.467043 0.206570
9.440358 0.247205
9.430862 0.288140
9.417496 0.328867
9.372241 0.368237
9.366395 0.408946
9.332733 0.448283
9.417673 0.493559
9.423378 0.535097
9.343224 0.571455
9.412904 0.616953
9.401927 0.657448
9.420394 0.700057
9.367141 0.737210
9.430867 0.783645
9.390371 0.821551
9.459865 0.869239
9.424209 0.907447
9.465465 0.953121
9.432560 0.991401
9.451764 1.035135
9.397460 1.070706
9.411745 1.113954
13.118664 1.668905
13.980861 2.027127
13.199282 1.972644
13.117469 2.018973
9.380352 1.485703
9.472290 1.542661
9.487133 1.587602
9.450912 1.623963
9.471406 1.670064
9.419023 1.703236
9.394506 1.741168
9.439687 1.792179
9.337747 1.815073
9.343222 1.858483
9.396108 1.911660
9.385698 1.952229
9.494380 2.018093
8.265438 2.176108
8.217534 2.201881
8.198386 2.235136
8.251306 2.288289
8.170395 2.304289
8.150834 2.337215
8.155729 2.377179
8.183640 2.424105
9.438884 2.840782
9.421755 2.880519
9.408218 2.921329
9.391994 2.961283
9.312947 2.981097
13.119874 4.262904
6.320170 2.331633
6.188270 2.313699
6.124587 2.320398
6.101617 2.342192
6.111557 2.376655
6.099530 2.402669
6.118220 2.440922
6.111976 2.469398
6.099969 2.495563
6.172386 2.556686
10.791298 4.525165
9.530401 4.045414
9.373372 4.027120
9.310235 4.048206
9.634585 4.239319
9.450472 4.207621
13.065873 5.885746
13.045833 5.945328
9.356302 4.313313
9.452363 4.407708
9.406462 4.436374
9.464616 4.514389
13.097840 6.317649
8.221107 4.234147
8.195793 4.266459
8.165094 4.295863
8.062645 4.286983
8.085339 4.344410
8.031084 4.360523
4.288225 2.352601
4.240262 2.350415
4.196722 2.350277
4.180877 2.365426
4.203654 2.402586
4.146323 2.393880
4.137685 2.413026
4.155135 2.447562
4.112784 2.446850
4.155226 2.496712
4.130326 2.506343
4.162732 2.550925
4.144199 2.564508
4.124513 2.577281
10.629128 6.706480
10.656219 6.788759
10.545004 6.782773
9.491581 6.163906
9.483977 6.217969
9.335361 6.178941
9.349565 6.247180
9.414843 6.350391
9.386665 6.391152
9.436926 6.485818
10.543363 7.944993
9.491279 7.217335
8.190514 6.284801
8.113414 6.282077
8.005230 6.254372
8.067432 6.359852
8.020117 6.379489
9.349633 7.503873
8.206875 6.645796
8.160689 6.667562
8.113938 6.688614
8.053924 6.698376
8.063827 6.766352
8.111759 6.867113
9.399339 8.027795
9.278081 7.994506
9.178314 7.978587
9.128298 8.005302
9.077659 8.031233
8.975841 8.011243
8.839758 7.959352
8.747264 7.945454
8.671009 7.945514
8.642496 7.989043
8.549001 7.972072
8.474946 7.972434
8.473392 8.040949
8.353621 7.996852
8.301878 8.017030
8.187373 7.975785
2.270819 2.231527
2.242088 2.222606
2.200928 2.200928
2.155256 2.174147
2.169750 2.207953
2.181331 2.239200
2.143128 2.219274
2.126310 2.221172
2.123861 2.238082
2.102275 2.234784
2.111365 2.264162
2.161125 2.337891
2.126446 2.320609
2.055321 2.262732
2.051369 2.278276
2.063406 2.311852
2.082089 2.353374
2.039617 2.325737
2.076438 2.388668
2.023125 2.347952
6.819037 7.984065
6.785567 8.015432
6.701169 7.986143
6.446023 7.750502
6.374813 7.733266
6.280321 7.686729
6.267672 7.739930
6.211993 7.739982
6.115572 7.688326
6.110144 7.750679
6.011539 7.694418
5.974017 7.715552
5.951322 7.755915
5.884851 7.738972
5.804427 7.702735
5.782326 7.743473
5.717956 7.727373
5.664269 7.725087
5.615194 7.728651
5.573926 7.742671
5.518423 7.736542
5.476684 7.749329
5.405787 7.720264
5.367734 7.737558
5.304261 7.717747
5.241095 7.697578
5.199590 7.708708
5.181342 7.754425
5.097728 7.701827
4.361192 6.651921
4.321094 6.653903
4.303319 6.690259
4.313827 6.771352
4.288810 6.797353
4.275933 6.842924
4.750204 7.676243
4.760150 7.767859
4.702604 7.749650
4.626165 7.699230
4.600637 7.732974
4.537310 7.702825
4.528083 7.764433
4.448047 7.704245
4.411109 7.717841
4.352782 7.693516
4.357333 7.780578
4.308630 7.772974
4.299189 7.836384
4.293784 7.908165
4.271416 7.949489
4.225344 7.946716
4.197187 7.977541
4.138008 7.949039
4.090300 7.941808
4.080943 8.009300
4.014171 7.963968
3.964049 7.950651
3.927670 7.964525
3.872538 7.939877
3.811452 7.901959
3.812488 7.993050
3.750415 7.952019
3.701087 7.937008
3.644458 7.905441
3.608290 7.917671
3.600866 7.993624
3.531519 7.931919
3.509049 7.974918
3.466707 7.972877
3.438335 8.002943
3.378397 7.959005
3.337105 7.958093
3.296276 7.957914
3.245021 7.931887
3.250495 8.045257
3.195326 8.009147
3.172126 8.052907
3.141901 8.079382
3.083052 8.031621
3.063725 8.086566
3.007416 8.043700
2.974669 8.063193
2.429829 6.675900
2.388912 6.653672
2.346229 6.625546
2.330902 6.674675
2.293073 6.659566
2.275274 6.702738
2.219459 6.633264
2.231071 6.765937
2.197083 6.761927
2.576868 8.050133
2.528150 8.018267
2.504241 8.064975
2.459026 8.043108
2.435377 8.091869
2.386579 8.056952
2.327185 7.984207
2.286216 7.972983
2.239997 7.942431
2.207314 7.959319
2.160666 7.925231
2.138327 7.980345
2.110484 8.016179
2.054260 7.943233
2.019037 7.949975
1.981584 7.947696
1.944284 7.945629
1.914953 7.976354
1.873319 7.955702
1.835621 7.950948
1.809181 7.995430
1.762577 7.950471
1.730162 7.968642
1.697989 7.988408
1.668857 8.023335
1.614806 7.937021
1.592000 8.003527
1.534040 7.891955
1.508968 7.947963
1.469852 7.930613
1.445599 7.994269
1.413777 8.017923
1.367680 7.959427
1.330046 7.948039
1.291267 7.928673
1.264875 7.986097
1.217520 7.910358
1.183084 7.916202
1.154310 7.961136
1.121436 7.979430
1.088586 7.998779
0.311793 2.368304
0.295379 2.321867
0.278734 2.270104
0.267160 2.257222
0.257428 2.259413
0.242967 2.218520
0.236627 2.251359
0.229211 2.276297
0.215704 2.240170
0.200939 2.186807
0.192187 2.196710
0.177138 2.131793
0.173468 2.204123
0.160569 2.160712
0.157202 2.248097
0.146747 2.238931
0.137173 2.242766
0.128170 2.257143
0.117656 2.245000
0.110710 2.304844
0.098203 2.249209
0.086739 2.207644
0.078762 2.255438
0.069591 2.277718
0.057538 2.197298
0.092213 4.226079
0.073499 4.210783
0.054687 4.177511
0.037077 4.248632
0.018647 4.273402
0.000000 4.268594
-0.034770 7.968823
-0.069511 7.965312
-0.104094 7.951807
-0.138017 7.906970
-0.172896 7.923685
-0.207908 7.939691
-0.242784 7.946403
-0.277732 7.953215
-0.310578 7.904758
-0.346709 7.940946
-0.381023 7.932475
-0.416085 7.939390
-0.450547 7.934379
-0.483023 7.897349
-0.517317 7.892723
-0.554535 7.930219
-0.590841 7.950722
-0.623160 7.917979
-0.662959 7.978474
-0.694812 7.941727
-0.724974 7.889843
-0.766270 7.958006
-0.799087 7.935752
-0.837956 7.972617
-0.869697 7.941165
-0.905472 7.947230
-0.938948 7.933150
-0.974855 7.939562
-1.010155 7.940454
-1.042319 7.917202
-1.079240 7.930100
-1.122206 7.984919
-1.157811 7.985281
-1.188481 7.952321
-1.228697 7.982969
-1.266410 7.995812
-1.286810 7.901309
-1.321979 7.899826
-1.369456 7.969767
-1.396801 7.921648
-1.436720 7.945169
-1.474738 7.956968
-1.515484 7.982293
-1.541699 7.931351
-1.572593 7.905970
-1.611185 7.919226
-1.639582 7.882588
-1.684460 7.924765
-1.733483 7.983934
-1.769267 7.980650
-1.800270 7.956044
-1.834455 7.945904
-1.866642 7.927342
-1.915745 7.979660
-1.942925 7.940079
-1.975906 7.924934
-2.020985 7.957650
-2.056250 7.950923
-2.088774 7.933723
-2.125509 7.932504
-2.168445 7.953768
-2.202969 7.943649
-2.247189 7.967936
-2.272227 7.924197
-2.314708 7.941411
-2.360308 7.968267
-2.403693 7.986592
-2.441350 7.985300
-2.452877 7.899550
-2.525879 8.011067
-2.549889 7.965848
-2.587750 7.964282
-2.611704 7.920240
-2.632664 7.868210
-2.693614 7.935133
-2.728018 7.922735
-2.774292 7.944355
-2.787544 7.871777
-2.848817 7.934615
-2.900594 7.969314
-2.912485 7.894641
-2.967846 7.937864
-3.022996 7.979067
-3.061574 7.975674
-3.074755 7.906726
-3.124552 7.932139
-3.140260 7.871121
-3.214496 7.956160
-3.248426 7.940209
-3.285631 7.932218
-3.342522 7.971009
-3.360723 7.917372
-3.401906 7.918151
-3.454401 7.944583
-3.466139 7.877400
-3.541732 7.954856
-3.585333 7.959145
-3.615025 7.932446
-3.653363 7.924761
-3.713975 7.964644
-3.732691 7.914441
-3.775904 7.916347
-3.813537 7.906285
-3.873776 7.942419
-3.915009 7.938850
-3.971609 7.965817
-4.012370 7.960393
-4.051058 7.950652
-4.063994 7.890731
-4.153789 7.979358
-4.162679 7.911951
-4.227609 7.950979
-4.252127 7.913593
-4.278913 7.880783
-4.324887 7.883230
-4.408453 7.953056
-4.462621 7.968586
-4.467198 7.895743
-4.540689 7.944560
-4.573817 7.922082
-4.639811 7.956019
-4.682191 7.948782
-4.711063 7.918590
-4.767357 7.934215
-4.771957 7.863940
-4.865364 7.939554
-4.891608 7.904749
-4.953977 7.928023
-4.980695 7.893922
-5.031851 7.898427
-5.129850 7.975245
-5.157526 7.941899
-5.193971 7.922122
-5.246692 7.926884
-5.296657 7.927008
-5.348909 7.930082
-5.407397 7.941828
-5.434135 7.906714
-5.491286 7.915660
-5.540091 7.912068
-5.565694 7.875280
-5.623679 7.884108
-5.668465 7.874000
