-4.459060 -4.459060
-4.378336 -4.416712
-4.340672 -4.417099
-4.168441 -4.279024
-4.091581 -4.236955
-3.982222 -4.159884
-3.818573 -4.023937
-3.638210 -3.867532
-3.663106 -3.928201
-3.468021 -3.751684
-3.451755 -3.766930
-3.368053 -3.707937
-3.258602 -3.619043
-3.289161 -3.685194
-3.264532 -3.689882
-3.287161 -3.748290
-3.235976 -3.722564
-3.244266 -3.765156
-3.236168 -3.789066
-3.235051 -3.821396
-3.170757 -3.778760
-3.212610 -3.862743
-3.174256 -3.850679
-3.214741 -3.934645
-3.220234 -3.976656
-3.167398 -3.946497
-3.120651 -3.923196
-3.116000 -3.952628
-3.073278 -3.933617
-3.054758 -3.945274
-3.083024 -4.017875
-3.036908 -3.993736
-3.050508 -4.048160
-2.986588 -3.999526
-3.048593 -4.119938
-3.027372 -4.128815
-2.981194 -4.103262
-2.951206 -4.099484
-2.956208 -4.144451
-2.918599 -4.129722
-2.926610 -4.179631
-2.899564 -4.179704
-2.852955 -4.151074
-2.835460 -4.164431
-2.795426 -4.144390
-2.738888 -4.099036
-2.700895 -4.080608
-2.636144 -4.020789
-2.639730 -4.064828
-2.536477 -3.943395
-2.592155 -4.068868
-2.557656 -4.053639
-2.535254 -4.057255
-2.508599 -4.053850
-2.486521 -4.057634
-2.496991 -4.114914
-2.491818 -4.147082
-2.469165 -4.150294
-2.435337 -4.134382
-2.416015 -4.142810
-2.442089 -4.229822
-2.444209 -4.276478
-2.400121 -4.242199
-2.385945 -4.260413
-2.359978 -4.257514
-2.383738 -4.344981
-2.332927 -4.296719
-2.339474 -4.353973
-2.328274 -4.378846
-2.336998 -4.441903
-2.286535 -4.392391
-2.265655 -4.399040
-2.280481 -4.475698
-2.244494 -4.452992
-2.253719 -4.520262
-2.263767 -4.590466
-2.230549 -4.573304
-2.176959 -4.513302
-2.161942 -4.532606
-2.393629 -5.075219
-2.327914 -4.992226
-2.297357 -4.983351
-2.317941 -5.086258
-2.295819 -5.096529
-2.283168 -5.128080
-2.274824 -5.169932
-2.233930 -5.137687
-2.222030 -5.171915
-2.238333 -5.273182
-2.248266 -5.361504
-2.258121 -5.451588
-2.231422 -5.454321
-2.217787 -5.489214
-2.207048 -5.532009
-2.172158 -5.514345
-2.180445 -5.607005
-2.148866 -5.597988
-2.138352 -5.644084
-2.112088 -5.649035
-2.107665 -5.713074
-2.066361 -5.677280
-2.054428 -5.722054
-2.030772 -5.734724
-2.005164 -5.741908
-1.998641 -5.804475
-1.984378 -5.845790
-1.972181 -5.894228
-1.937522 -5.875719
-1.911057 -5.881628
-1.911580 -5.971772
-1.880437 -5.963984
-1.870319 -6.023410
-1.846357 -6.039160
-1.827675 -6.072700
-1.800029 -6.076796
-1.772251 -6.080317
-1.768381 -6.167079
-1.727760 -6.126173
-1.696815 -6.118517
-1.708308 -6.266000
-1.662449 -6.204346
-1.656811 -6.293010
-1.608178 -6.218364
-1.615980 -6.362936
-1.598860 -6.412678
-1.572466 -6.426140
-1.549351 -6.453509
-1.535429 -6.520732
-1.496351 -6.481407
-1.466950 -6.482982
-1.450469 -6.542641
-1.440411 -6.634130
-1.407255 -6.620615
-1.380915 -6.639005
-1.354982 -6.659952
-1.346869 -6.771169
-1.315952 -6.769987
-1.277840 -6.730574
-1.227514 -6.623069
-1.199869 -6.635363
-1.174237 -6.659431
-1.151019 -6.698532
-1.125890 -6.728058
-1.100134 -6.755080
-1.072622 -6.772267
-1.040181 -6.758161
-1.007717 -6.742792
-0.969451 -6.686186
-0.931784 -6.629984
-0.903906 -6.641779
-0.877452 -6.664906
-0.842170 -6.620004
-0.798661 -6.504575
-0.781597 -6.603683
-0.741131 -6.504826
-0.717743 -6.553665
-0.688987 -6.555271
-0.653548 -6.490386
-0.619899 -6.437891
-0.605138 -6.585673
-0.570397 -6.519670
-0.539801 -6.496310
-0.510343 -6.484520
-0.493077 -6.635151
-0.464292 -6.639689
-0.435540 -6.645060
-0.411316 -6.724954
-0.381556 -6.719400
-0.358547 -6.841486
-0.326700 -6.801515
-0.304010 -6.962964
-0.274726 -6.992262
-0.243767 -6.980577
-0.213992 -7.004011
-0.183894 -7.022632
-0.154442 -7.077956
-0.123713 -7.087461
-0.093961 -7.177623
-0.062373 -7.147257
-0.031565 -7.234179
0.000001 -7.330907
0.031740 -7.274198
0.064715 -7.415541
0.096697 -7.386702
0.130874 -7.497798
0.164512 -7.539491
0.197170 -7.529654
0.232390 -7.606223
0.266810 -7.640434
0.304128 -7.740575
0.337707 -7.734739
0.374912 -7.805224
0.413807 -7.895909
0.448176 -7.892626
0.484427 -7.920321
0.525114 -8.011704
0.568883 -8.135408
0.607818 -8.179179
0.641447 -8.150352
0.686999 -8.267776
0.729487 -8.338067
0.769781 -8.377461
0.814155 -8.455322
0.852525 -8.466436
0.899074 -8.554126
0.935667 -8.543521
0.974541 -8.553442
1.004424 -8.486338
1.053956 -8.583784
1.085515 -8.532843
1.126656 -8.557801
1.163081 -8.546160
1.203072 -8.560302
1.242926 -8.572312
1.276229 -8.539449
1.310302 -8.513171
1.352638 -8.540229
1.392062 -8.547584
1.430478 -8.548202
1.474262 -8.579694
1.502329 -8.520125
1.542391 -8.529531
1.579913 -8.524446
1.621754 -8.542027
1.669994 -8.591378
1.694685 -8.519763
1.739240 -8.548638
1.769817 -8.508725
1.821553 -8.569733
1.843758 -8.491834
1.906113 -8.597919
1.922945 -8.498193
1.973396 -8.547719
2.004046 -8.510880
2.056087 -8.564223
2.093303 -8.554625
2.124320 -8.520182
2.151814 -8.472788
2.222297 -8.592986
2.292093 -8.705980
2.314403 -8.637468
2.366617 -8.680651
2.407989 -8.682927
2.439317 -8.649168
2.482728 -8.658300
2.526486 -8.667980
2.570257 -8.677044
2.598820 -8.634935
2.644068 -8.648357
2.700198 -8.696058
2.745530 -8.707706
2.783587 -8.695923
2.834967 -8.725133
2.874095 -8.715969
2.913061 -8.706220
2.948311 -8.685443
2.996029 -8.701101
3.053575 -8.744098
3.073119 -8.678222
3.107229 -8.654349
3.155000 -8.668290
3.192543 -8.653768
3.242491 -8.672436
3.290780 -8.685866
3.332141 -8.680524
3.360386 -8.641217
3.427651 -8.701599
3.460547 -8.673931
3.527988 -8.732079
3.562049 -8.706808
3.592896 -8.674018
3.622906 -8.639652
3.681607 -8.673326
3.731882 -8.686190
3.765138 -8.659225
3.841879 -8.731334
3.860015 -8.669737
3.913959 -8.688668
3.967838 -8.706626
3.967762 -8.606741
3.971633 -8.517195
4.017120 -8.517514
4.051522 -8.494195
4.114583 -8.530412
4.156635 -8.522366
4.220794 -8.558925
4.250020 -8.524221
4.302269 -8.535547
4.328611 -8.495377
4.401023 -8.545115
4.442007 -8.533015
4.496442 -8.546332
4.539680 -8.537897
4.599946 -8.560917
4.622197 -8.513028
4.650343 -8.476456
4.754832 -8.577946
4.743515 -8.470157
4.829152 -8.535496
4.852814 -8.490663
4.935461 -8.548470
4.956369 -8.498828
5.025033 -8.530811
5.046077 -8.481693
5.143459 -8.560153
5.167515 -8.515802
5.212307 -8.505714
5.255615 -8.492979
5.319512 -8.513000
5.358096 -8.492067
5.415817 -8.501130
5.479335 -8.518582
5.554936 -8.553851
5.431952 -8.285102
5.446989 -8.229503
5.499148 -8.230058
5.528124 -8.195782
5.619343 -8.253111
5.670497 -8.250624
5.711104 -8.232523
5.770873 -8.241661
5.785083 -8.185703
5.895595 -8.265319
5.970653 -8.293760
5.971678 -8.219310
6.035923 -8.231962
6.119134 -8.269536
6.178384 -8.273860
6.225956 -8.262123
6.215479 -8.173771
6.338957 -8.261090
6.380525 -8.240561
6.480567 -8.294746
6.511878 -8.260279
6.579174 -8.271155
6.662086 -8.300788
6.728584 -8.309108
6.767458 -8.282956
6.805943 -8.256269
6.881996 -8.274701
6.963361 -8.298612
6.955939 -8.216686
7.075680 -8.284556
7.101220 -8.241372
7.178367 -8.257767
7.243612 -8.259758
7.279201 -8.227639
7.604095 -8.519668
7.648319 -8.494320
7.726408 -8.506112
7.799177 -8.511310
7.856223 -8.498814
7.984710 -8.562553
8.000006 -8.504256
8.066607 -8.500430
8.120694 -8.482989
8.111820 -8.400035
8.271489 -8.490921
8.316895 -8.463333
8.258106 -8.330489
8.348070 -8.348069
8.268435 -8.196592
8.280445 -8.137171
8.260077 -8.046611
8.271111 -7.987321
8.345326 -7.988912
8.466212 -8.034135
8.559784 -8.052240
8.604898 -8.024198
8.687720 -8.030848
8.714467 -7.985338
8.757712 -7.954946
8.843100 -7.962363
8.957211 -7.994617
9.080455 -8.033710
9.195629 -8.064350
9.163568 -7.965768
8.878963 -7.583351
8.879601 -7.517138
8.960542 -7.518786
9.406116 -7.822985
9.050583 -7.460725
9.082069 -7.420363
9.111305 -7.378190
9.189223 -7.375131
9.176300 -7.299159
9.142118 -7.207066
8.969742 -7.007931
8.998878 -6.967675
9.012082 -6.915214
8.944991 -6.801929
8.964252 -6.755049
8.858302 -6.614809
8.911428 -6.594110
8.928603 -6.546723
8.888947 -6.458199
8.970467 -6.457812
8.931483 -6.370767
8.904381 -6.292994
8.808621 -6.167863
8.876716 -6.157997
8.901417 -6.117774
8.867828 -6.037890
8.914838 -6.013134
8.859005 -5.919398
8.899418 -5.890397
9.109205 -5.972258
8.850502 -5.747584
8.945315 -5.753820
9.040106 -5.759183
9.280868 -5.855792
9.168327 -5.729007
9.294760 -5.751771
9.355557 -5.733093
9.394093 -5.700475
9.390429 -5.642340
9.443718 -5.618423
9.457129 -5.570674
9.454426 -5.513658
9.473807 -5.469705
9.410676 -5.378644
8.688385 -4.915653
8.687707 -4.865349
8.842378 -4.901410
9.485378 -5.203856
9.471757 -5.142745
9.455819 -5.080796
9.375469 -4.985025
9.371626 -4.930651
9.410527 -4.898811
9.379327 -4.830671
9.426635 -4.803111
9.419724 -4.747932
9.399847 -4.686591
9.412190 -4.641579
9.352880 -4.561705
9.393939 -4.531099
9.352418 -4.460875
9.381674 -4.424685
9.448739 -4.406020
9.344427 -4.307840
9.400320 -4.283972
9.433847 -4.249638
9.364501 -4.169344
9.403771 -4.137759
8.826694 -3.837956
8.760718 -3.763901
9.411911 -3.995119
9.381806 -3.934118
9.416454 -3.900424
9.425121 -3.855919
9.401513 -3.798458
9.389205 -3.745913
9.397161 -3.701640
9.463949 -3.680329
9.361583 -3.593575
9.430333 -3.572833
9.383308 -3.508275
9.416156 -3.473802
9.376123 -3.412629
9.411034 -3.378906
9.444122 -3.344339
9.381657 -3.276222
9.405569 -3.238597
9.403843 -3.192175
9.394581 -3.143384
9.438613 -3.112389
9.389278 -3.050763
9.374434 -3.000779
9.410218 -2.967030
9.444914 -2.932723
9.385019 -2.869288
9.366725 -2.819065
8.645376 -2.560877
8.658416 -2.523699
8.689188 -2.491585
9.358902 -2.639484
8.567698 -2.376034
8.546177 -2.329954
8.648593 -2.317383
8.618167 -2.268974
8.571791 -2.216816
8.563316 -2.174806
8.721327 -2.174471
8.751620 -2.141509
7.821782 -1.877844
7.789844 -1.834266
8.002630 -1.847552
8.100153 -1.832877
7.968717 -1.766622
7.985487 -1.733819
7.957159 -1.691346
8.012451 -1.666593
8.039743 -1.635705
7.858517 -1.563157
8.012305 -1.557435
8.000413 -1.518927
8.062249 -1.494249
8.118026 -1.467978
7.990930 -1.409016
8.072970 -1.387190
8.043540 -1.346027
7.771493 -1.265669
7.925801 -1.255324
8.037210 -1.237046
8.016772 -1.198116
8.056290 -1.168108
7.973174 -1.120556
7.960854 -1.083424
7.937617 -1.045007
7.943172 -1.010499
7.838694 -0.962471
7.898956 -0.934904
8.176117 -0.931551
8.179498 -0.895801
8.167862 -0.858478
8.181593 -0.823842
8.199106 -0.789484
8.664719 -0.796175
8.992867 -0.786774
9.429188 -0.783505
9.376382 -0.737938
9.316525 -0.692338
9.425310 -0.659083
9.388788 -0.615375
9.395235 -0.574638
9.370278 -0.532082
9.393441 -0.492289
9.460528 -0.454421
9.379331 -0.409510
9.437562 -0.370803
9.380464 -0.327573
9.447646 -0.288652
9.394382 -0.246001
9.430387 -0.205773
9.361554 -0.163408
9.385432 -0.122861
9.418388 -0.082193
9.424864 -0.041124
9.428843 0.000000
9.388975 0.040967
9.363846 0.081717
9.372331 0.122690
9.343707 0.163094
9.346693 0.203944
9.401727 0.246194
9.377175 0.286499
9.388639 0.327859
9.473948 0.372233
9.403563 0.410568
9.402456 0.451632
9.391735 0.492199
9.355000 0.531215
9.416028 0.575908
9.392691 0.615628
9.401177 0.657395
9.408113 0.699144
9.323718 0.733793
9.329351 0.775209
9.400074 0.822400
9.401502 0.863876
9.433814 0.908372
9.483674 0.954955
9.424138 0.990516
9.454809 1.035469
9.405371 1.071607
9.375890 1.109710
13.133552 1.670799
13.978065 2.026721
13.178889 1.969596
13.102290 2.016637
9.456601 1.497779
9.462240 1.541024
9.425298 1.577254
9.494533 1.631459
9.473672 1.670464
9.488441 1.715789
9.411846 1.744382
9.446602 1.793492
9.388363 1.824911
9.418537 1.873464
9.302903 1.892698
9.366254 1.948184
9.457724 2.010301
8.169022 2.150724
8.220471 2.202668
8.226689 2.242852
8.248193 2.287426
8.144193 2.296899
8.091277 2.320137
8.140273 2.372674
8.186514 2.424956
9.439268 2.840898
9.451729 2.889683
9.374789 2.910949
9.426473 2.972154
9.336751 2.988717
13.198786 4.288544
6.355280 2.344586
6.190673 2.314597
6.141201 2.326692
6.150949 2.361129
6.103508 2.373525
6.178591 2.433812
6.139368 2.449359
6.104730 2.466471
6.086730 2.490147
6.119079 2.534605
10.768946 4.515792
9.493472 4.029738
9.394300 4.036111
9.334533 4.058771
9.623372 4.234386
9.397552 4.184060
13.076971 5.890746
13.034935 5.940361
9.402877 4.334785
9.454531 4.408719
9.440112 4.452245
9.415206 4.490821
13.121651 6.329134
8.189943 4.218097
8.212842 4.275334
8.139403 4.282346
8.080003 4.296212
8.056748 4.329048
8.022073 4.355631
4.327332 2.374056
4.217648 2.337880
4.195002 2.349314
4.184643 2.367557
4.162802 2.379237
4.164502 2.404376
4.156294 2.423878
4.131350 2.433552
4.144113 2.465488
4.106930 2.467693
4.142095 2.513485
4.143109 2.538901
4.095110 2.534131
4.155282 2.596508
10.651110 6.720348
10.655445 6.788266
10.566652 6.796698
9.454600 6.139890
9.468372 6.207738
9.364399 6.198161
9.342805 6.242663
9.436434 6.364954
9.424792 6.417112
9.403680 6.462969
10.609596 7.994904
9.546293 7.259169
8.145188 6.250021
8.130279 6.295136
8.048820 6.288428
8.075803 6.366450
8.077180 6.424880
9.317486 7.478073
8.205050 6.644318
8.208003 6.706219
8.090343 6.669164
8.059770 6.703238
8.023360 6.732397
8.094256 6.852295
9.308158 7.949918
9.240494 7.962120
9.224544 8.018773
9.095959 7.976941
9.025862 7.985407
8.942445 7.981436
8.874091 7.990267
8.740204 7.939041
8.693285 7.965926
8.608929 7.958013
8.517857 7.943030
8.454639 7.953331
8.390634 7.962413
8.325074 7.969524
8.251101 7.967995
8.215739 8.003418
2.282122 2.242634
2.276394 2.256615
2.202704 2.202704
2.177125 2.196208
2.180971 2.219372
2.141005 2.197803
2.218564 2.297390
2.179922 2.277176
2.108554 2.221952
2.156362 2.292280
2.100291 2.252286
2.135902 2.310605
2.122484 2.316285
2.102119 2.314253
2.059601 2.287419
2.048862 2.295556
2.100774 2.374493
2.109885 2.405862
2.074925 2.386928
2.029889 2.355801
6.816887 7.981547
6.762774 7.988508
6.657810 7.934470
6.406324 7.702769
6.372995 7.731061
6.289347 7.697776
6.292985 7.771189
6.186027 7.707629
6.098874 7.667334
6.168033 7.824111
6.033159 7.722089
5.993876 7.741200
5.945818 7.748743
5.862727 7.709877
5.812477 7.713418
5.804991 7.773825
5.737978 7.754431
5.654997 7.712442
5.638626 7.760901
5.526410 7.676666
5.564457 7.801079
5.460385 7.726267
5.443235 7.773746
5.376950 7.750842
5.306482 7.720978
5.243206 7.700680
5.226402 7.748458
5.200647 7.783317
5.086488 7.684844
4.336347 6.614026
4.327009 6.663012
4.320632 6.717175
4.301035 6.751274
4.269803 6.767228
4.316222 6.907399
4.780157 7.724647
4.737216 7.730434
4.701734 7.748216
4.634347 7.712847
4.619821 7.765218
4.559832 7.741060
4.492018 7.702591
4.437312 7.685650
4.397266 7.693620
4.358568 7.703743
4.359522 7.784487
4.316882 7.787860
4.320488 7.875208
4.265139 7.855406
4.289529 7.983199
4.218010 7.932925
4.198930 7.980855
4.149537 7.971187
4.079397 7.920639
4.058743 7.965731
4.010359 7.956405
3.973764 7.970136
3.919746 7.948458
3.875106 7.945141
3.864504 8.011948
3.801309 7.969612
3.749205 7.949453
3.717050 7.971239
3.681610 7.986029
3.649500 8.008096
3.589574 7.968558
3.523548 7.914016
3.526963 8.015631
3.480247 8.004018
3.410077 7.937170
3.395543 7.999399
3.333003 7.948311
3.298880 7.964200
3.263525 7.977118
3.223647 7.978805
3.201409 8.024394
3.169182 8.045435
3.131766 8.053322
3.090070 8.049903
3.053873 8.060561
3.003809 8.034054
2.988640 8.101063
2.424340 6.660820
2.398699 6.680929
2.350779 6.638395
2.314540 6.627823
2.303545 6.689979
2.276865 6.707425
2.236849 6.685239
2.211980 6.708042
2.193764 6.751711
2.574615 8.043094
2.544601 8.070443
2.494050 8.032153
2.473298 8.089791
2.413089 8.017815
2.363555 7.979225
2.324611 7.975374
2.295231 8.004423
2.239267 7.939845
2.205863 7.954087
2.179091 7.992814
2.147858 8.015913
2.106273 8.000184
2.053445 7.940081
2.012977 7.926112
1.979410 7.938976
1.950672 7.971732
1.915627 7.979165
1.881168 7.989035
1.838023 7.961354
1.794889 7.932266
1.756793 7.924379
1.720392 7.923643
1.692891 7.964422
1.645451 7.910807
1.623381 7.979169
1.581508 7.950780
1.547315 7.960249
1.512109 7.964509
1.481549 7.993725
1.438756 7.956422
1.403453 7.959373
1.370031 7.973107
1.326410 7.926309
1.294679 7.949622
1.254689 7.921787
1.223257 7.947633
1.181496 7.905580
1.150504 7.934890
1.116169 7.941956
1.085185 7.973791
0.290517 2.206697
0.291945 2.294873
0.278215 2.265879
0.272946 2.306103
0.257453 2.259632
0.242154 2.211091
0.231689 2.204370
0.223538 2.219963
0.217037 2.254019
0.203701 2.216862
0.185875 2.124559
0.181997 2.190266
0.171491 2.179002
0.162133 2.181759
0.156437 2.237149
0.146607 2.236786
0.139716 2.284334
0.127777 2.250231
0.119351 2.277361
0.106328 2.213613
0.096422 2.208431
0.084943 2.161951
0.077729 2.225862
0.067676 2.215041
0.058726 2.242681
0.090546 4.149677
0.073326 4.200839
0.054400 4.155602
0.036902 4.228592
0.018585 4.259334
0.000000 4.320835
-0.034451 7.895832
-0.069427 7.955714
-0.103824 7.931187
-0.138903 7.957744
-0.172484 7.904808
-0.208032 7.944416
-0.242641 7.941710
-0.276252 7.910818
-0.311123 7.918623
-0.346847 7.944124
-0.379551 7.901819
-0.419089 7.996711
-0.450167 7.927687
-0.487126 7.964426
-0.521860 7.962039
-0.552203 7.896873
-0.590876 7.951196
-0.622832 7.913805
-0.666415 8.020063
-0.698633 7.985394
-0.731453 7.960353
-0.763260 7.926750
-0.800329 7.948084
-0.832023 7.916170
-0.864092 7.889984
-0.899717 7.896717
-0.938450 7.928943
-0.977058 7.957501
-1.011691 7.952533
-1.043291 7.924586
-1.080023 7.935855
-1.122775 7.988968
-1.158096 7.987243
-1.186769 7.940868
-1.224496 7.955680
-1.253257 7.912767
-1.289053 7.915084
-1.332366 7.961899
-1.360504 7.917672
-1.396813 7.921713
-1.432343 7.920966
-1.477755 7.973250
-1.510604 7.956589
-1.546645 7.956798
-1.586224 7.974497
-1.616559 7.945643
-1.658936 7.975636
-1.685401 7.929192
-1.728383 7.960443
-1.767621 7.973228
-1.805765 7.980330
-1.835534 7.950580
-1.867037 7.929022
-1.916427 7.982499
-1.964223 8.027118
-1.984049 7.957597
-2.027926 7.984979
-2.062563 7.975335
-2.096996 7.964951
-2.124995 7.930585
-2.183347 8.008430
-2.212917 7.979519
-2.234377 7.922508
-2.276434 7.938869
-2.294698 7.872757
-2.362353 7.975170
-2.408510 8.002598
-2.429395 7.946195
-2.462933 7.931936
-2.522431 8.000133
-2.541669 7.940171
-2.583239 7.950398
-2.617006 7.936318
-2.649561 7.918709
-2.693415 7.934545
-2.745554 7.973662
-2.755716 7.891160
-2.818322 7.958693
-2.859244 7.963657
-2.877854 7.906837
-2.921921 7.920218
-2.944941 7.876601
-3.014165 7.955758
-3.061981 7.976733
-3.083139 7.928285
-3.138222 7.966842
-3.160970 7.923030
-3.200936 7.922598
-3.238106 7.914982
-3.288651 7.939508
-3.321913 7.921862
-3.367025 7.932217
-3.415604 7.950033
-3.465688 7.970543
-3.492370 7.937016
-3.526581 7.920828
-3.549912 7.880515
-3.610518 7.922556
-3.690933 8.006256
-3.700356 7.935439
-3.736750 7.923048
-3.783414 7.932093
-3.825504 7.931096
-3.866791 7.928096
-3.920173 7.949320
-3.945089 7.912626
-4.007876 7.951477
-4.055540 7.959447
-4.070004 7.902399
-4.147364 7.967015
-4.172368 7.930367
-4.186664 7.873973
-4.278914 7.963447
-4.277097 7.877439
-4.338699 7.908406
-4.379562 7.900937
-4.439777 7.927794
-4.501164 7.955778
-4.548398 7.958049
-4.543923 7.870305
-4.618280 7.919100
-4.675822 7.937971
-4.749366 7.982970
-4.770669 7.939729
-4.782296 7.880978
-4.840410 7.898833
-4.899676 7.917787
-4.953093 7.926608
-4.972746 7.881324
-5.059190 7.941341
-5.097451 7.924875
-5.130542 7.900346
-5.194456 7.922862
-5.258316 7.944445
-5.297542 7.928333
-5.343244 7.921682
-5.419447 7.959527
-5.433028 7.905104
-5.483463 7.904382
-5.561385 7.942481
-5.572704 7.885198
-5.599976 7.850876
-5.685673 7.897903
